cl1  = [ 2 2 2 1 2 2 2 1 2 1 2 2 1 2 2 1 2 2 2 1 2 0 2 1 2 2 2 2 4 2 1 1 3 2 2 2 2 1 2 2 2 2 1 2 2 2 2 1 2 1 2 ];
cl2  = [ 1 1 4 1 4 1 4 4 1 4 4 1 0 0 1 0 4 4 1 1 1 0 4 1 4 4 4 4 3 1 4 1 2 4 1 4 4 4 1 4 4 4 1 1 4 4 4 0 4 0 4 ];
cl3  = [ 1 1 1 1 1 1 1 1 1 2 1 1 2 1 1 2 1 1 1 1 1 4 1 1 1 1 0 1 3 1 1 2 1 1 1 1 1 1 1 1 1 1 2 1 1 1 1 1 1 2 1 ];
cl4  = [ 1 1 2 4 2 1 2 1 1 2 2 1 4 1 1 4 2 1 1 1 1 4 2 1 2 1 0 1 3 1 4 4 4 1 1 1 1 2 1 2 2 1 4 1 2 2 1 4 1 4 2 ];
cl5  = [ 0 0 3 0 1 0 3 3 0 3 3 0 3 1 0 1 3 3 0 1 0 4 1 3 3 1 0 3 2 0 0 0 0 0 1 1 0 3 0 3 1 0 0 1 3 3 0 3 1 3 0 ];
cl6  = [ 0 0 0 0 0 0 0 0 0 1 0 0 1 0 0 1 0 0 4 0 0 3 0 0 0 0 0 0 2 0 0 1 0 0 0 0 0 0 0 0 0 0 1 0 0 0 0 0 0 1 0 ];
cl7  = [ 1 1 0 1 0 1 0 0 1 1 1 1 1 0 1 1 0 0 1 1 1 4 0 1 1 0 1 1 2 1 0 0 3 1 1 1 1 1 1 1 0 0 1 1 0 0 0 1 1 1 0 ];
cl8  = [ 0 0 3 1 0 0 3 0 0 1 3 0 1 3 3 1 3 3 2 0 3 1 3 0 0 0 0 3 4 0 3 0 0 3 0 0 3 3 0 0 2 3 1 3 3 3 2 1 0 1 3 ];
cl9  = [ 1 0 1 2 0 1 0 0 0 2 0 0 2 0 1 1 0 0 4 2 1 2 0 2 0 0 1 1 3 0 1 0 0 1 0 0 0 2 0 0 0 1 2 1 0 0 1 2 1 2 0 ];
cl10  = [ 1 1 2 4 1 1 2 2 1 1 2 2 4 2 2 4 1 2 0 2 1 4 2 2 2 1 1 2 3 1 2 4 1 2 1 1 2 2 1 2 1 2 4 1 2 2 0 4 2 4 1 ];
cl11  = [ 1 1 1 2 0 1 2 1 1 2 1 1 2 0 1 2 0 0 1 0 1 3 1 2 0 1 1 1 4 1 2 1 1 1 0 0 1 0 1 2 0 1 2 0 1 0 1 2 1 2 0 ];
cl12  = [ 3 3 1 2 1 3 1 1 3 2 1 0 2 1 0 2 1 1 0 2 3 2 1 1 1 1 2 1 4 3 2 2 2 1 1 3 3 1 3 1 1 1 2 3 1 1 3 2 3 2 1 ];
cl13  = [ 0 0 0 3 2 0 0 2 0 3 0 0 3 0 0 3 2 0 0 3 0 4 3 3 3 0 0 0 1 2 3 0 0 0 0 2 0 3 2 0 0 0 3 2 0 0 2 3 2 3 0 ];
cl14  = [ 0 0 0 1 0 0 0 0 0 1 0 0 1 0 0 1 0 0 0 0 0 1 0 1 0 0 3 0 2 0 1 0 4 0 0 0 0 1 0 0 0 0 1 0 0 0 0 1 0 1 0 ];
cl15  = [ 1 1 2 3 2 2 2 2 1 3 2 2 3 2 3 3 2 2 1 3 1 0 2 2 2 3 2 2 4 1 2 3 2 2 1 1 2 2 1 2 3 2 3 1 2 2 1 3 2 3 2 ];
cl16  = [ 0 0 0 3 0 0 0 0 0 0 0 0 3 0 3 3 0 0 2 0 0 3 0 3 0 0 4 0 1 2 0 3 0 0 0 0 0 3 0 0 0 0 3 0 0 0 2 3 0 3 0 ];
cl17  = [ 1 1 1 2 1 1 1 1 1 2 1 1 2 2 2 2 1 1 1 2 1 4 2 1 2 1 2 1 3 1 1 1 0 1 1 2 1 2 1 1 2 1 2 1 1 1 1 2 1 2 1 ];
cl18  = [ 0 4 0 3 4 0 4 4 4 3 4 4 3 4 0 0 4 4 0 4 0 2 4 3 3 4 0 4 1 4 3 4 4 0 4 3 4 3 4 4 4 0 3 0 4 4 0 3 0 3 4 ];
cl19  = [ 0 0 1 4 1 0 0 0 0 4 1 4 4 0 0 4 0 0 0 0 0 3 1 0 0 1 0 0 2 0 1 4 0 0 0 4 0 1 0 0 1 0 4 0 1 0 0 4 0 4 0 ];
cl20  = [ 0 0 2 2 2 0 2 0 0 2 2 0 2 2 2 0 0 0 0 0 0 1 2 2 2 2 0 0 4 0 0 2 3 0 2 0 0 2 0 2 2 0 0 0 0 2 0 2 2 0 2 ];
cl21  = [ 1 2 2 3 2 2 2 2 2 3 2 1 3 1 1 1 2 2 1 3 2 0 2 3 2 2 1 2 4 2 3 2 3 2 1 2 2 3 2 1 2 1 3 1 3 2 2 3 3 3 2 ];
